0 1.93e+08 0
1 1.92971e+08 3.32218e+06
2 1.92886e+08 6.64337e+06
3 1.92743e+08 9.9626e+06
4 1.92543e+08 1.32789e+07
5 1.92286e+08 1.65912e+07
6 1.91971e+08 1.98986e+07
7 1.91601e+08 2.32002e+07
8 1.91173e+08 2.64948e+07
9 1.90688e+08 2.97816e+07
10 1.90147e+08 3.30596e+07
11 1.8955e+08 3.63278e+07
12 1.88897e+08 3.95852e+07
13 1.88187e+08 4.28309e+07
14 1.87422e+08 4.60638e+07
15 1.86602e+08 4.92832e+07
16 1.85726e+08 5.24879e+07
17 1.84795e+08 5.56771e+07
18 1.83809e+08 5.88498e+07
19 1.82769e+08 6.2005e+07
20 1.81674e+08 6.51419e+07
21 1.80526e+08 6.82595e+07
22 1.79324e+08 7.13568e+07
23 1.78069e+08 7.4433e+07
24 1.76762e+08 7.74872e+07
25 1.75402e+08 8.05184e+07
26 1.7399e+08 8.35257e+07
27 1.72526e+08 8.65083e+07
28 1.71012e+08 8.94652e+07
29 1.69446e+08 9.23956e+07
30 1.67831e+08 9.52987e+07
31 1.66165e+08 9.81735e+07
32 1.64451e+08 1.01019e+08
33 1.62688e+08 1.03835e+08
34 1.60876e+08 1.0662e+08
35 1.59017e+08 1.09373e+08
36 1.57111e+08 1.12094e+08
37 1.55158e+08 1.14782e+08
38 1.53159e+08 1.17436e+08
39 1.51115e+08 1.20055e+08
40 1.49026e+08 1.22638e+08
41 1.46893e+08 1.25186e+08
42 1.44716e+08 1.27695e+08
43 1.42497e+08 1.30168e+08
44 1.40235e+08 1.32601e+08
45 1.37932e+08 1.34995e+08
46 1.35588e+08 1.3735e+08
47 1.33203e+08 1.39663e+08
48 1.3078e+08 1.41935e+08
49 1.28317e+08 1.44166e+08
50 1.25817e+08 1.46353e+08
51 1.23279e+08 1.48497e+08
52 1.20704e+08 1.50597e+08
53 1.18094e+08 1.52653e+08
54 1.15449e+08 1.54663e+08
55 1.1277e+08 1.56627e+08
56 1.10057e+08 1.58545e+08
57 1.07311e+08 1.60416e+08
58 1.04534e+08 1.62239e+08
59 1.01726e+08 1.64015e+08
60 9.88877e+07 1.65741e+08
61 9.60201e+07 1.67419e+08
62 9.3124e+07 1.69047e+08
63 9.02003e+07 1.70625e+08
64 8.72499e+07 1.72152e+08
65 8.42737e+07 1.73629e+08
66 8.12725e+07 1.75054e+08
67 7.82472e+07 1.76427e+08
68 7.51987e+07 1.77747e+08
69 7.21279e+07 1.79016e+08
70 6.90358e+07 1.80231e+08
71 6.59232e+07 1.81392e+08
72 6.2791e+07 1.825e+08
73 5.96403e+07 1.83554e+08
74 5.64719e+07 1.84553e+08
75 5.32867e+07 1.85498e+08
76 5.00858e+07 1.86388e+08
77 4.687e+07 1.87222e+08
78 4.36403e+07 1.88001e+08
79 4.03977e+07 1.88725e+08
80 3.71432e+07 1.89392e+08
81 3.38776e+07 1.90003e+08
82 3.0602e+07 1.90558e+08
83 2.73173e+07 1.91057e+08
84 2.40245e+07 1.91499e+08
85 2.07246e+07 1.91884e+08
86 1.74186e+07 1.92212e+08
87 1.41074e+07 1.92484e+08
88 1.0792e+07 1.92698e+08
89 7.4734e+06 1.92855e+08
90 4.15261e+06 1.92955e+08
91 830583 1.92998e+08
92 -2.49169e+06 1.92984e+08
93 -5.81322e+06 1.92912e+08
94 -9.13303e+06 1.92784e+08
95 -1.24501e+07 1.92598e+08
96 -1.57635e+07 1.92355e+08
97 -1.90723e+07 1.92055e+08
98 -2.23754e+07 1.91699e+08
99 -2.56718e+07 1.91285e+08
100 -2.89607e+07 1.90815e+08
101 -3.2241e+07 1.90288e+08
102 -3.55117e+07 1.89705e+08
103 -3.87719e+07 1.89065e+08
104 -4.20206e+07 1.8837e+08
105 -4.52568e+07 1.87619e+08
106 -4.84797e+07 1.86812e+08
107 -5.16882e+07 1.8595e+08
108 -5.48813e+07 1.85033e+08
109 -5.80582e+07 1.8406e+08
110 -6.12179e+07 1.83034e+08
111 -6.43595e+07 1.81953e+08
112 -6.7482e+07 1.80818e+08
113 -7.05844e+07 1.7963e+08
114 -7.3666e+07 1.78388e+08
115 -7.67258e+07 1.77094e+08
116 -7.97628e+07 1.75747e+08
117 -8.27761e+07 1.74348e+08
118 -8.5765e+07 1.72897e+08
119 -8.87284e+07 1.71395e+08
120 -9.16656e+07 1.69842e+08
121 -9.45755e+07 1.68239e+08
122 -9.74575e+07 1.66586e+08
123 -1.00311e+08 1.64884e+08
124 -1.03134e+08 1.63133e+08
125 -1.05927e+08 1.61334e+08
126 -1.08688e+08 1.59486e+08
127 -1.11417e+08 1.57592e+08
128 -1.14113e+08 1.55651e+08
129 -1.16776e+08 1.53663e+08
130 -1.19404e+08 1.5163e+08
131 -1.21996e+08 1.49553e+08
132 -1.24552e+08 1.47431e+08
133 -1.27072e+08 1.45265e+08
134 -1.29553e+08 1.43056e+08
135 -1.31996e+08 1.40805e+08
136 -1.34401e+08 1.38512e+08
137 -1.36765e+08 1.36178e+08
138 -1.39089e+08 1.33803e+08
139 -1.41371e+08 1.31389e+08
140 -1.43612e+08 1.28936e+08
141 -1.4581e+08 1.26445e+08
142 -1.47965e+08 1.23917e+08
143 -1.50076e+08 1.21351e+08
144 -1.52143e+08 1.1875e+08
145 -1.54164e+08 1.16113e+08
146 -1.5614e+08 1.13443e+08
147 -1.5807e+08 1.10738e+08
148 -1.59953e+08 1.08001e+08
149 -1.61788e+08 1.05231e+08
150 -1.63575e+08 1.02431e+08
151 -1.65314e+08 9.96e+07
152 -1.67004e+08 9.67397e+07
153 -1.68645e+08 9.38506e+07
154 -1.70235e+08 9.09338e+07
155 -1.71775e+08 8.799e+07
156 -1.73264e+08 8.50201e+07
157 -1.74702e+08 8.20251e+07
158 -1.76088e+08 7.90057e+07
159 -1.77422e+08 7.59629e+07
160 -1.78703e+08 7.28976e+07
161 -1.79932e+08 6.98108e+07
162 -1.81107e+08 6.67032e+07
163 -1.82228e+08 6.35758e+07
164 -1.83296e+08 6.04297e+07
165 -1.84309e+08 5.72656e+07
166 -1.85267e+08 5.40845e+07
167 -1.86171e+08 5.08874e+07
168 -1.87019e+08 4.76753e+07
169 -1.87812e+08 4.4449e+07
170 -1.88549e+08 4.12095e+07
171 -1.89231e+08 3.79579e+07
172 -1.89856e+08 3.4695e+07
173 -1.90425e+08 3.14218e+07
174 -1.90938e+08 2.81392e+07
175 -1.91394e+08 2.48484e+07
176 -1.91793e+08 2.15502e+07
177 -1.92136e+08 1.82456e+07
178 -1.92421e+08 1.49356e+07
179 -1.9265e+08 1.16212e+07
180 -1.92821e+08 8.30329e+06
181 -1.92936e+08 4.98296e+06
182 -1.92993e+08 1.66115e+06
183 -1.92993e+08 -1.66115e+06
184 -1.92936e+08 -4.98296e+06
185 -1.92821e+08 -8.30329e+06
186 -1.9265e+08 -1.16212e+07
187 -1.92421e+08 -1.49356e+07
188 -1.92136e+08 -1.82456e+07
189 -1.91793e+08 -2.15502e+07
190 -1.91394e+08 -2.48484e+07
191 -1.90938e+08 -2.81392e+07
192 -1.90425e+08 -3.14218e+07
193 -1.89856e+08 -3.4695e+07
194 -1.89231e+08 -3.79579e+07
195 -1.88549e+08 -4.12095e+07
196 -1.87812e+08 -4.4449e+07
197 -1.87019e+08 -4.76753e+07
198 -1.86171e+08 -5.08874e+07
199 -1.85267e+08 -5.40845e+07
200 -1.84309e+08 -5.72656e+07
201 -1.83296e+08 -6.04297e+07
202 -1.82228e+08 -6.35758e+07
203 -1.81107e+08 -6.67032e+07
204 -1.79932e+08 -6.98108e+07
205 -1.78703e+08 -7.28976e+07
206 -1.77422e+08 -7.59629e+07
207 -1.76088e+08 -7.90057e+07
208 -1.74702e+08 -8.20251e+07
209 -1.73264e+08 -8.50201e+07
210 -1.71775e+08 -8.799e+07
211 -1.70235e+08 -9.09338e+07
212 -1.68645e+08 -9.38506e+07
213 -1.67004e+08 -9.67397e+07
214 -1.65314e+08 -9.96e+07
215 -1.63575e+08 -1.02431e+08
216 -1.61788e+08 -1.05231e+08
217 -1.59953e+08 -1.08001e+08
218 -1.5807e+08 -1.10738e+08
219 -1.5614e+08 -1.13443e+08
220 -1.54164e+08 -1.16113e+08
221 -1.52143e+08 -1.1875e+08
222 -1.50076e+08 -1.21351e+08
223 -1.47965e+08 -1.23917e+08
224 -1.4581e+08 -1.26445e+08
225 -1.43612e+08 -1.28936e+08
226 -1.41371e+08 -1.31389e+08
227 -1.39089e+08 -1.33803e+08
228 -1.36765e+08 -1.36178e+08
229 -1.34401e+08 -1.38512e+08
230 -1.31996e+08 -1.40805e+08
231 -1.29553e+08 -1.43056e+08
232 -1.27072e+08 -1.45265e+08
233 -1.24552e+08 -1.47431e+08
234 -1.21996e+08 -1.49553e+08
235 -1.19404e+08 -1.5163e+08
236 -1.16776e+08 -1.53663e+08
237 -1.14113e+08 -1.55651e+08
238 -1.11417e+08 -1.57592e+08
239 -1.08688e+08 -1.59486e+08
240 -1.05927e+08 -1.61334e+08
241 -1.03134e+08 -1.63133e+08
242 -1.00311e+08 -1.64884e+08
243 -9.74575e+07 -1.66586e+08
244 -9.45755e+07 -1.68239e+08
245 -9.16656e+07 -1.69842e+08
246 -8.87284e+07 -1.71395e+08
247 -8.5765e+07 -1.72897e+08
248 -8.27761e+07 -1.74348e+08
249 -7.97628e+07 -1.75747e+08
250 -7.67258e+07 -1.77094e+08
251 -7.3666e+07 -1.78388e+08
252 -7.05844e+07 -1.7963e+08
253 -6.7482e+07 -1.80818e+08
254 -6.43595e+07 -1.81953e+08
255 -6.12179e+07 -1.83034e+08
256 -5.80582e+07 -1.8406e+08
257 -5.48813e+07 -1.85033e+08
258 -5.16882e+07 -1.8595e+08
259 -4.84797e+07 -1.86812e+08
260 -4.52568e+07 -1.87619e+08
261 -4.20206e+07 -1.8837e+08
262 -3.87719e+07 -1.89065e+08
263 -3.55117e+07 -1.89705e+08
264 -3.2241e+07 -1.90288e+08
265 -2.89607e+07 -1.90815e+08
266 -2.56718e+07 -1.91285e+08
267 -2.23754e+07 -1.91699e+08
268 -1.90723e+07 -1.92055e+08
269 -1.57635e+07 -1.92355e+08
270 -1.24501e+07 -1.92598e+08
271 -9.13303e+06 -1.92784e+08
272 -5.81322e+06 -1.92912e+08
273 -2.49169e+06 -1.92984e+08
274 830583 -1.92998e+08
275 4.15261e+06 -1.92955e+08
276 7.4734e+06 -1.92855e+08
277 1.0792e+07 -1.92698e+08
278 1.41074e+07 -1.92484e+08
279 1.74186e+07 -1.92212e+08
280 2.07246e+07 -1.91884e+08
281 2.40245e+07 -1.91499e+08
282 2.73173e+07 -1.91057e+08
283 3.0602e+07 -1.90558e+08
284 3.38776e+07 -1.90003e+08
285 3.71432e+07 -1.89392e+08
286 4.03977e+07 -1.88725e+08
287 4.36403e+07 -1.88001e+08
288 4.687e+07 -1.87222e+08
289 5.00858e+07 -1.86388e+08
290 5.32867e+07 -1.85498e+08
291 5.64719e+07 -1.84553e+08
292 5.96403e+07 -1.83554e+08
293 6.2791e+07 -1.825e+08
294 6.59232e+07 -1.81392e+08
295 6.90358e+07 -1.80231e+08
296 7.21279e+07 -1.79016e+08
297 7.51987e+07 -1.77747e+08
298 7.82472e+07 -1.76427e+08
299 8.12725e+07 -1.75054e+08
300 8.42737e+07 -1.73629e+08
301 8.72499e+07 -1.72152e+08
302 9.02003e+07 -1.70625e+08
303 9.3124e+07 -1.69047e+08
304 9.60201e+07 -1.67419e+08
305 9.88877e+07 -1.65741e+08
306 1.01726e+08 -1.64015e+08
307 1.04534e+08 -1.62239e+08
308 1.07311e+08 -1.60416e+08
309 1.10057e+08 -1.58545e+08
310 1.1277e+08 -1.56627e+08
311 1.15449e+08 -1.54663e+08
312 1.18094e+08 -1.52653e+08
313 1.20704e+08 -1.50597e+08
314 1.23279e+08 -1.48497e+08
315 1.25817e+08 -1.46353e+08
316 1.28317e+08 -1.44166e+08
317 1.3078e+08 -1.41935e+08
318 1.33203e+08 -1.39663e+08
319 1.35588e+08 -1.3735e+08
320 1.37932e+08 -1.34995e+08
321 1.40235e+08 -1.32601e+08
322 1.42497e+08 -1.30168e+08
323 1.44716e+08 -1.27695e+08
324 1.46893e+08 -1.25186e+08
325 1.49026e+08 -1.22638e+08
326 1.51115e+08 -1.20055e+08
327 1.53159e+08 -1.17436e+08
328 1.55158e+08 -1.14782e+08
329 1.57111e+08 -1.12094e+08
330 1.59017e+08 -1.09373e+08
331 1.60876e+08 -1.0662e+08
332 1.62688e+08 -1.03835e+08
333 1.64451e+08 -1.01019e+08
334 1.66165e+08 -9.81735e+07
335 1.67831e+08 -9.52987e+07
336 1.69446e+08 -9.23956e+07
337 1.71012e+08 -8.94652e+07
338 1.72526e+08 -8.65083e+07
339 1.7399e+08 -8.35257e+07
340 1.75402e+08 -8.05184e+07
341 1.76762e+08 -7.74872e+07
342 1.78069e+08 -7.4433e+07
343 1.79324e+08 -7.13568e+07
344 1.80526e+08 -6.82595e+07
345 1.81674e+08 -6.51419e+07
346 1.82769e+08 -6.2005e+07
347 1.83809e+08 -5.88498e+07
348 1.84795e+08 -5.56771e+07
349 1.85726e+08 -5.24879e+07
350 1.86602e+08 -4.92832e+07
351 1.87422e+08 -4.60638e+07
352 1.88187e+08 -4.28309e+07
353 1.88897e+08 -3.95852e+07
354 1.8955e+08 -3.63278e+07
355 1.90147e+08 -3.30596e+07
356 1.90688e+08 -2.97816e+07
357 1.91173e+08 -2.64948e+07
358 1.91601e+08 -2.32002e+07
359 1.91971e+08 -1.98986e+07
360 1.92286e+08 -1.65912e+07
361 1.92543e+08 -1.32789e+07
362 1.92743e+08 -9.9626e+06
363 1.92886e+08 -6.64337e+06
364 1.92971e+08 -3.32218e+06
365 1.93e+08 -1.55065e-07
