0 1.93384e+08 0
1 1.93345e+08 3.41073e+06
2 1.93229e+08 6.81571e+06
3 1.93037e+08 1.02094e+07
4 1.92772e+08 1.35869e+07
5 1.92438e+08 1.69438e+07
6 1.92038e+08 2.02768e+07
7 1.91578e+08 2.35835e+07
8 1.91063e+08 2.68627e+07
9 1.90496e+08 3.01142e+07
10 1.89884e+08 3.33389e+07
11 1.89229e+08 3.65388e+07
12 1.88536e+08 3.97165e+07
13 1.87806e+08 4.28754e+07
14 1.87041e+08 4.60193e+07
15 1.86241e+08 4.91519e+07
16 1.85405e+08 5.22769e+07
17 1.84531e+08 5.53978e+07
18 1.83617e+08 5.85172e+07
19 1.82659e+08 6.16372e+07
20 1.81652e+08 6.47586e+07
21 1.80593e+08 6.78813e+07
22 1.79476e+08 7.10042e+07
23 1.78299e+08 7.4125e+07
24 1.77056e+08 7.72404e+07
25 1.75745e+08 8.0346e+07
26 1.74363e+08 8.34371e+07
27 1.7291e+08 8.65083e+07
28 1.71385e+08 8.95538e+07
29 1.69789e+08 9.2568e+07
30 1.68125e+08 9.55455e+07
31 1.66395e+08 9.84815e+07
32 1.64603e+08 1.01372e+08
33 1.62754e+08 1.04213e+08
34 1.60854e+08 1.07003e+08
35 1.58907e+08 1.09741e+08
36 1.56919e+08 1.12427e+08
37 1.54895e+08 1.15062e+08
38 1.52838e+08 1.17647e+08
39 1.50754e+08 1.20186e+08
40 1.48645e+08 1.22683e+08
41 1.46512e+08 1.25141e+08
42 1.44356e+08 1.27564e+08
43 1.42176e+08 1.29957e+08
44 1.39972e+08 1.32322e+08
45 1.3774e+08 1.34663e+08
46 1.35478e+08 1.36982e+08
47 1.33181e+08 1.3928e+08
48 1.30846e+08 1.41557e+08
49 1.28469e+08 1.43813e+08
50 1.26046e+08 1.46045e+08
51 1.23573e+08 1.4825e+08
52 1.21047e+08 1.50425e+08
53 1.18468e+08 1.52564e+08
54 1.15833e+08 1.54663e+08
55 1.13143e+08 1.56716e+08
56 1.104e+08 1.58717e+08
57 1.07606e+08 1.60663e+08
58 1.04763e+08 1.62547e+08
59 1.01878e+08 1.64367e+08
60 9.89544e+07 1.6612e+08
61 9.59977e+07 1.67802e+08
62 9.30139e+07 1.69415e+08
63 9.00083e+07 1.70958e+08
64 8.69864e+07 1.72432e+08
65 8.39529e+07 1.7384e+08
66 8.09116e+07 1.75185e+08
67 7.78658e+07 1.76471e+08
68 7.48173e+07 1.77703e+08
69 7.17671e+07 1.78884e+08
70 6.87149e+07 1.8002e+08
71 6.56596e+07 1.81113e+08
72 6.2599e+07 1.82168e+08
73 5.95301e+07 1.83186e+08
74 5.64495e+07 1.8417e+08
75 5.33534e+07 1.8512e+08
76 5.02379e+07 1.86035e+08
77 4.70993e+07 1.86914e+08
78 4.39345e+07 1.87755e+08
79 4.07409e+07 1.88552e+08
80 3.75168e+07 1.89304e+08
81 3.42616e+07 1.90003e+08
82 3.09756e+07 1.90647e+08
83 2.76604e+07 1.91229e+08
84 2.43187e+07 1.91746e+08
85 2.09539e+07 1.92192e+08
86 1.75707e+07 1.92565e+08
87 1.4174e+07 1.92862e+08
88 1.07697e+07 1.93081e+08
89 7.36327e+06 1.93223e+08
90 3.96061e+06 1.93288e+08
91 567066 1.93278e+08
92 -2.81251e+06 1.93195e+08
93 -6.17406e+06 1.93044e+08
94 -9.51443e+06 1.92828e+08
95 -1.28315e+07 1.92553e+08
96 -1.61244e+07 1.92224e+08
97 -1.93931e+07 1.91844e+08
98 -2.26389e+07 1.91419e+08
99 -2.58638e+07 1.90952e+08
100 -2.90708e+07 1.90447e+08
101 -3.22633e+07 1.89905e+08
102 -3.5445e+07 1.89327e+08
103 -3.86198e+07 1.88713e+08
104 -4.17913e+07 1.88062e+08
105 -4.49627e+07 1.87372e+08
106 -4.81365e+07 1.8664e+08
107 -5.13145e+07 1.85861e+08
108 -5.44973e+07 1.85033e+08
109 -5.76846e+07 1.84149e+08
110 -6.08748e+07 1.83206e+08
111 -6.40653e+07 1.822e+08
112 -6.72526e+07 1.81126e+08
113 -7.04324e+07 1.79982e+08
114 -7.35993e+07 1.78766e+08
115 -7.67481e+07 1.77477e+08
116 -7.98729e+07 1.76115e+08
117 -8.29681e+07 1.7468e+08
118 -8.60285e+07 1.73176e+08
119 -8.90492e+07 1.71606e+08
120 -9.20264e+07 1.69974e+08
121 -9.49569e+07 1.68284e+08
122 -9.78389e+07 1.66542e+08
123 -1.00671e+08 1.64753e+08
124 -1.03455e+08 1.62922e+08
125 -1.0619e+08 1.61054e+08
126 -1.0888e+08 1.59154e+08
127 -1.11527e+08 1.57224e+08
128 -1.14136e+08 1.55267e+08
129 -1.16709e+08 1.53285e+08
130 -1.19251e+08 1.51278e+08
131 -1.21767e+08 1.49245e+08
132 -1.24258e+08 1.47184e+08
133 -1.26728e+08 1.45092e+08
134 -1.2918e+08 1.42967e+08
135 -1.31612e+08 1.40805e+08
136 -1.34027e+08 1.386e+08
137 -1.36422e+08 1.3635e+08
138 -1.38795e+08 1.3405e+08
139 -1.41142e+08 1.31697e+08
140 -1.4346e+08 1.29289e+08
141 -1.45744e+08 1.26823e+08
142 -1.47987e+08 1.243e+08
143 -1.50186e+08 1.21719e+08
144 -1.52335e+08 1.19082e+08
145 -1.54428e+08 1.16393e+08
146 -1.56461e+08 1.13654e+08
147 -1.58431e+08 1.10869e+08
148 -1.60334e+08 1.08045e+08
149 -1.62169e+08 1.05187e+08
150 -1.63936e+08 1.023e+08
151 -1.65635e+08 9.9389e+07
152 -1.67268e+08 9.64604e+07
153 -1.68837e+08 9.35181e+07
154 -1.70345e+08 9.05659e+07
155 -1.71798e+08 8.76066e+07
156 -1.73198e+08 8.4642e+07
157 -1.7455e+08 8.16725e+07
158 -1.75859e+08 7.86977e+07
159 -1.77128e+08 7.57161e+07
160 -1.7836e+08 7.27253e+07
161 -1.79558e+08 6.97222e+07
162 -1.80723e+08 6.67032e+07
163 -1.81855e+08 6.36644e+07
164 -1.82952e+08 6.0602e+07
165 -1.84014e+08 5.75124e+07
166 -1.85038e+08 5.43925e+07
167 -1.86018e+08 5.124e+07
168 -1.86952e+08 4.80534e+07
169 -1.87834e+08 4.48323e+07
170 -1.88659e+08 4.15774e+07
171 -1.89423e+08 3.82904e+07
172 -1.90119e+08 3.49743e+07
173 -1.90746e+08 3.16328e+07
174 -1.91298e+08 2.82706e+07
175 -1.91775e+08 2.4893e+07
176 -1.92174e+08 2.15056e+07
177 -1.92496e+08 1.81143e+07
178 -1.92742e+08 1.47246e+07
179 -1.92913e+08 1.13419e+07
180 -1.93013e+08 7.97074e+06
181 -1.93046e+08 4.61509e+06
182 -1.93015e+08 1.2778e+06
183 -1.92926e+08 -2.03932e+06
184 -1.92784e+08 -5.33555e+06
185 -1.92592e+08 -8.61131e+06
186 -1.92356e+08 -1.1868e+07
187 -1.92078e+08 -1.51079e+07
188 -1.91762e+08 -1.83341e+07
189 -1.91409e+08 -2.15502e+07
190 -1.9102e+08 -2.47598e+07
191 -1.90594e+08 -2.79669e+07
192 -1.90131e+08 -3.11749e+07
193 -1.89627e+08 -3.43869e+07
194 -1.89078e+08 -3.76053e+07
195 -1.88482e+08 -4.08314e+07
196 -1.87834e+08 -4.40656e+07
197 -1.87129e+08 -4.73074e+07
198 -1.86363e+08 -5.05549e+07
199 -1.85531e+08 -5.38052e+07
200 -1.84629e+08 -5.70546e+07
201 -1.83656e+08 -6.02983e+07
202 -1.8261e+08 -6.35313e+07
203 -1.81488e+08 -6.67478e+07
204 -1.80293e+08 -6.99421e+07
205 -1.79024e+08 -7.31086e+07
206 -1.77686e+08 -7.62422e+07
207 -1.7628e+08 -7.93383e+07
208 -1.74812e+08 -8.23929e+07
209 -1.73287e+08 -8.54035e+07
210 -1.71709e+08 -8.83682e+07
211 -1.70083e+08 -9.12864e+07
212 -1.68415e+08 -9.41586e+07
213 -1.6671e+08 -9.69865e+07
214 -1.64971e+08 -9.97724e+07
215 -1.63202e+08 -1.02519e+08
216 -1.61404e+08 -1.05231e+08
217 -1.59579e+08 -1.07912e+08
218 -1.57727e+08 -1.10566e+08
219 -1.55846e+08 -1.13196e+08
220 -1.53935e+08 -1.15805e+08
221 -1.51991e+08 -1.18397e+08
222 -1.5001e+08 -1.20973e+08
223 -1.47987e+08 -1.23533e+08
224 -1.4592e+08 -1.26077e+08
225 -1.43804e+08 -1.28604e+08
226 -1.41635e+08 -1.3111e+08
227 -1.3941e+08 -1.33592e+08
228 -1.37126e+08 -1.36046e+08
229 -1.34782e+08 -1.38467e+08
230 -1.32378e+08 -1.40849e+08
231 -1.29914e+08 -1.43187e+08
232 -1.27392e+08 -1.45476e+08
233 -1.24816e+08 -1.4771e+08
234 -1.22188e+08 -1.49885e+08
235 -1.19514e+08 -1.51998e+08
236 -1.16798e+08 -1.54047e+08
237 -1.14047e+08 -1.56029e+08
238 -1.11265e+08 -1.57944e+08
239 -1.08459e+08 -1.59794e+08
240 -1.05633e+08 -1.6158e+08
241 -1.02791e+08 -1.63305e+08
242 -9.99369e+07 -1.64973e+08
243 -9.70735e+07 -1.66586e+08
244 -9.42019e+07 -1.68151e+08
245 -9.13224e+07 -1.6967e+08
246 -8.84343e+07 -1.71148e+08
247 -8.55357e+07 -1.72589e+08
248 -8.2624e+07 -1.73995e+08
249 -7.96961e+07 -1.75369e+08
250 -7.67481e+07 -1.7671e+08
251 -7.37762e+07 -1.7802e+08
252 -7.07764e+07 -1.79297e+08
253 -6.77455e+07 -1.80539e+08
254 -6.46803e+07 -1.81742e+08
255 -6.15788e+07 -1.82902e+08
256 -5.84396e+07 -1.84016e+08
257 -5.52627e+07 -1.85077e+08
258 -5.2049e+07 -1.86081e+08
259 -4.88005e+07 -1.87023e+08
260 -4.55204e+07 -1.87898e+08
261 -4.22126e+07 -1.88703e+08
262 -3.8882e+07 -1.89433e+08
263 -3.5534e+07 -1.90088e+08
264 -3.21743e+07 -1.90666e+08
265 -2.88086e+07 -1.91167e+08
266 -2.54425e+07 -1.91593e+08
267 -2.20812e+07 -1.91945e+08
268 -1.87291e+07 -1.92228e+08
269 -1.53899e+07 -1.92444e+08
270 -1.20661e+07 -1.92598e+08
271 -8.75938e+06 -1.92695e+08
272 -5.47006e+06 -1.9274e+08
273 -2.19753e+06 -1.92737e+08
274 1.05989e+06 -1.9269e+08
275 4.3047e+06 -1.92603e+08
276 7.54008e+06 -1.92477e+08
277 1.07697e+07 -1.92315e+08
278 1.39972e+07 -1.92116e+08
279 1.72266e+07 -1.9188e+08
280 2.04611e+07 -1.91605e+08
281 2.37037e+07 -1.91288e+08
282 2.69564e+07 -1.90926e+08
283 3.02206e+07 -1.90514e+08
284 3.34962e+07 -1.90048e+08
285 3.67823e+07 -1.89523e+08
286 4.00769e+07 -1.88936e+08
287 4.33768e+07 -1.88281e+08
288 4.6678e+07 -1.87555e+08
289 4.99756e+07 -1.86756e+08
290 5.32644e+07 -1.85881e+08
291 5.65385e+07 -1.84931e+08
292 5.97924e+07 -1.83907e+08
293 6.30203e+07 -1.82808e+08
294 6.62173e+07 -1.81639e+08
295 6.93789e+07 -1.80403e+08
296 7.25016e+07 -1.79104e+08
297 7.55827e+07 -1.77747e+08
298 7.86208e+07 -1.76338e+08
299 8.16156e+07 -1.74881e+08
300 8.45678e+07 -1.73382e+08
301 8.74792e+07 -1.71844e+08
302 9.03524e+07 -1.70272e+08
303 9.31907e+07 -1.68669e+08
304 9.59977e+07 -1.67036e+08
305 9.87776e+07 -1.65374e+08
306 1.01534e+08 -1.63682e+08
307 1.04271e+08 -1.6196e+08
308 1.06991e+08 -1.60205e+08
309 1.09696e+08 -1.58414e+08
310 1.12388e+08 -1.56582e+08
311 1.15068e+08 -1.54707e+08
312 1.17733e+08 -1.52784e+08
313 1.20383e+08 -1.50808e+08
314 1.23015e+08 -1.48776e+08
315 1.25625e+08 -1.46686e+08
316 1.28207e+08 -1.44533e+08
317 1.30757e+08 -1.42319e+08
318 1.3327e+08 -1.40041e+08
319 1.3574e+08 -1.37702e+08
320 1.38161e+08 -1.35303e+08
321 1.40529e+08 -1.32848e+08
322 1.4284e+08 -1.3034e+08
323 1.4509e+08 -1.27784e+08
324 1.47277e+08 -1.25186e+08
325 1.494e+08 -1.2255e+08
326 1.51458e+08 -1.19883e+08
327 1.53453e+08 -1.17189e+08
328 1.55387e+08 -1.14474e+08
329 1.57263e+08 -1.11742e+08
330 1.59084e+08 -1.08995e+08
331 1.60854e+08 -1.06237e+08
332 1.62578e+08 -1.03467e+08
333 1.64259e+08 -1.00687e+08
334 1.65902e+08 -9.78942e+07
335 1.6751e+08 -9.50877e+07
336 1.69085e+08 -9.22643e+07
337 1.7063e+08 -8.94206e+07
338 1.72145e+08 -8.65528e+07
339 1.73629e+08 -8.3657e+07
340 1.75081e+08 -8.07294e+07
341 1.76498e+08 -7.77665e+07
342 1.77877e+08 -7.47656e+07
343 1.79214e+08 -7.17247e+07
344 1.80504e+08 -6.86428e+07
345 1.81741e+08 -6.55201e+07
346 1.82921e+08 -6.23576e+07
347 1.84038e+08 -5.91578e+07
348 1.85089e+08 -5.59239e+07
349 1.86069e+08 -5.26603e+07
350 1.86975e+08 -4.93717e+07
351 1.87806e+08 -4.60638e+07
352 1.88561e+08 -4.27423e+07
353 1.8924e+08 -3.94128e+07
354 1.89844e+08 -3.60809e+07
355 1.90377e+08 -3.27516e+07
356 1.9084e+08 -2.9429e+07
357 1.91239e+08 -2.61166e+07
358 1.91578e+08 -2.28168e+07
359 1.91861e+08 -1.95308e+07
360 1.92094e+08 -1.62587e+07
361 1.92279e+08 -1.29996e+07
362 1.92422e+08 -9.75158e+06
363 1.92525e+08 -6.51204e+06
364 1.9259e+08 -3.2776e+06
365 1.92619e+08 -44579.7
